Object: №1
217760272,622882
4,64670576805185E+16
2,99026594700395E+21
3,11297263561705E+21
9,49768672722616E+42
6,71031706251948E+29
-2,98849747121957E+39


Object: №2
528390151,672364
1,88291118152716E+17
3,44850514898279E+21
7,26025736583544E+21
3,63200110482856E+43
3,15028741237987E+30
7,69663873124801E+41


Object: №3
520073307,485735
2,10153540949312E+17
5,08079909533442E+21
8,19111662395212E+21
5,28421657315313E+43
3,75501268799876E+30
-2,92363549616402E+40


Object: №4
157848835,720058
2,33974140794912E+16
6,72037970484183E+20
7,60664763062095E+20
5,43859662282902E+41
1,16352887491005E+29
-8,17746307098701E+37


Object: №5
8203841417,6247
2,13567202423626E+17
3,15891721205354E+21
2,0996742110702E+23
1,42117623087256E+44
9,20160410799183E+31
5,40563793354635E+45


